 Number of beams:
           6
 Beam coordinates and local forces table:
 |   x0   |   y0   |   x1   |   y1   |   v1   |   v2   |   v3   |   v4   |   v5   |   v6   |
   0.0000000       0.0000000       0.0000000       1000.0000      -55249.984     -2.41505378E-03   4.0000000       55249.984      2.41505378E-03  -55250000.    
   0.0000000       1000.0000       0.0000000       2000.0000       6086.1328      2.66033458E-04   9619438.0      -6086.1328     -2.66033458E-04  -3533292.0    
   0.0000000       1000.0000       999.99994       2000.0000      -8569.6367       74105.633      -5319872.0       8569.6367      -74105.633       6137472.0    
   0.0000000       2000.0000       1000.0000       2000.0000       0.0000000      -4554.0000       10693040.       0.0000000       4554.0000       12997472.    
   999.99994       2000.0000       2000.0000       2000.0000       0.0000000       32768.000      -33554432.       0.0000000      -32768.000      -8388608.0    
   2000.0000       2000.0000       2000.0000       0.0000000       0.0000000       0.0000000       16777216.       0.0000000       0.0000000       16777216.    
